mu_beta = 0.45317523140286
mu_delta = 0.5371566409172507
rho = 0.2537692065546792
sigma_beta = 0.0
sigma_delta = 0.00211218901002563
